5 8955000 621143
6 3207000 234637
7 854000 65909
8 799000 64792
9 643000 54788
10 536000 47660
11 496000 46131
12 440000 42604
13 424000 42756
14 410000 43205
15 384000 41792
16 363000 40888
17 395000 46131
18 338000 40663
19 365000 45396
20 330000 42479
21 354000 46842
22 330000 45293
23 344000 48433
24 297000 42726
25 318000 46913
26 309000 46979
27 319000 49646
28 298000 47452
29 287000 46874
30 326000 54593
31 297000 50715
32 312000 54735
33 292000 52116
34 306000 55895
35 291000 54422
36 294000 55817
37 292000 56757
38 288000 57037
39 289000 58229
40 275000 56656
41 280000 58691
42 290000 62142
43 279000 60603
44 261000 57717
45 274000 61047
46 283000 63593
47 283000 64557
48 265000 61515
49 263000 62088

