5 8707000 457166
6 3046000 166701
7 559000 31883
8 663000 39273
9 487000 29965
10 388000 24749
11 360000 23725
12 318000 21655
13 336000 23627
14 282000 20450
15 279000 20931
16 263000 20325
17 266000 21055
18 270000 21946
19 263000 22025
20 250000 21534
21 242000 21366
22 225000 20361
23 228000 21125
24 229000 21708
25 228000 22194
26 202000 20087
27 229000 23284
28 201000 20888
29 223000 23612
30 222000 24062
31 207000 22859
32 200000 22930
33 220000 26631
34 196000 24446
35 194000 25411
36 198000 27355
37 206000 28606
38 193000 27463
39 198000 28252
40 195000 28608
41 190000 28681
42 193000 28249
43 193000 28518
44 180000 27143
45 178000 27063
46 191000 31564
47 188000 33222
48 179000 30107
49 178000 28337

